# Magnetic Field Properties
B_FIELD : 1.5

# SI Cylinder Properties
SI_L1_RADIUS : 15.019908642217452
SI_L1_PITCH : 38.26712756078323
SI_L1_THICKNESS : 0.41384333894911307
SI_L1_E_LENGTH : 8.925706216445771
SI_L1_H_LENGTH : 23.77023167121907
SI_L2_RADIUS : 16.20642603337022
SI_L2_PITCH : 28.012429413983337
SI_L2_THICKNESS : 0.4499882804173988
SI_L2_E_LENGTH : 26.32389029626571
SI_L2_H_LENGTH : 25.64853490525115
SI_L3_RADIUS : 39.5492875337504
SI_L3_PITCH : 43.55954732023292
SI_L3_THICKNESS : 0.32520345795690064
SI_L3_E_LENGTH : 14.946171273099475
SI_L3_H_LENGTH : 29.47165604074696
SI_L4_RADIUS : 40.00582954140797
SI_L4_PITCH : 28.69401211341323
SI_L4_THICKNESS : 0.3822237063773205
SI_L4_E_LENGTH : 4.487192789705034
SI_L4_H_LENGTH : 6.992684300003787
SI_L5_RADIUS : 50.324693469272255
SI_L5_PITCH : 42.50818083816223
SI_L5_THICKNESS : 0.3248769981339197
SI_L5_E_LENGTH : 16.77809886049065
SI_L5_H_LENGTH : 13.130475915392497
SI_L6_RADIUS : 50.785781251383696
SI_L6_PITCH : 36.672855517523764
SI_L6_THICKNESS : 0.3901803407434785
SI_L6_E_LENGTH : 29.38517986642399
SI_L6_H_LENGTH : 21.19734683088563
SI_L7_RADIUS : 50.93563525905984
SI_L7_PITCH : 27.354990500929123
SI_L7_THICKNESS : 0.17762012379203107
SI_L7_E_LENGTH : 14.092213896148836
SI_L7_H_LENGTH : 12.877596572449438
# SI electron-Disk Properties
SI_ED1_Z : -34.77811918647321
SI_ED1_THICKNESS : 0.03465385114021091
SI_ED1_PITCH : 0.07070440006839017
SI_ED2_Z : -78.4844614510443
SI_ED2_THICKNESS : 0.07312208658465645
SI_ED2_PITCH : 0.056852977058554535
SI_ED3_Z : -85.86165102761503
SI_ED3_THICKNESS : 0.07652606280307496
SI_ED3_PITCH : 0.0474714883425284
SI_ED4_Z : -109.68013164372
SI_ED4_THICKNESS : 0.013028043879893323
SI_ED4_PITCH : 0.06641582343822522
SI_ED5_Z : -109.93380992801306
SI_ED5_THICKNESS : 0.02771195500921627
SI_ED5_PITCH : 0.019398080556643146
SI_ED6_Z : -109.98912752431717
SI_ED6_THICKNESS : 0.06056724874560118
SI_ED6_PITCH : 0.07178527305863171
# SI hadron-Disk Properties
SI_HD1_Z : 40.89415494629198
SI_HD1_THICKNESS : 0.043976013027877785
SI_HD1_PITCH : 0.07850352882817507
SI_HD2_Z : 59.31558405011916
SI_HD2_THICKNESS : 0.02650739283953695
SI_HD2_PITCH : 0.0868910626001245
SI_HD3_Z : 96.76945769432876
SI_HD3_THICKNESS : 0.08645545026073538
SI_HD3_PITCH : 0.04581005438877624
SI_HD4_Z : 101.12103857862017
SI_HD4_THICKNESS : 0.02216238306566392
SI_HD4_PITCH : 0.07981905282445555
SI_HD5_Z : 104.52799995121178
SI_HD5_THICKNESS : 0.04193132763179473
SI_HD5_PITCH : 0.01901647849261706
SI_HD6_Z : 109.24000780508673
SI_HD6_THICKNESS : 0.03214732646345498
SI_HD6_PITCH : 0.08422975046782041
